y = a + b * x
a: 1.0858353807844328
b: -0.5324321816357234
r2: 0.12266704115872482
