y = a + b * x
a: -0.4570964898874479
b: 1.1170755261552943
r2: 0.9984362815889412
